00001
00004
00006
00008
00014
00019
00020
00023
00025
00030
00032
00035
00037
00038
00039
00040
00043
00045
00046
00048
00049
00052
00054
00057
00058
00062
00064
00065
00067
00068
00073
00074
00077
00081
00083
00086
00090
00094
00096
00100
00102
00105
00106
00107
00108
00110
00111
00112
00114
00116
00118
00119
00121
00123
00125
00126
00127
00129
00132
00134
00135
00137
00139
00141
00143
00144
00145
00147
00150
00151
00152
00158
00159
00160
00161
00162
00163
00165
00168
00170
00171
00173
00174
00175
00176
00177
00179
00180
00181
00183
00186
00191
00193
00197
00199
00202
00205
00207
00211
00215
00217
00219
00227
00228
00231
00232
00233
00235
00236
00237
00238
00239
00240
00243
00247
00251
00252
00256
00257
00262
00263
00265
00271
00272
00273
00277
00278
00279
00280
00282
00283
00288
00292
00293
00298
00299
00300
00304
00306
00315
00325
00326
00328
00333
00334
00335
00338
00339
00340
00341
00343
00346
00348
00351
00356
00357
00362
00363
00364
00365
00368
00370
00371
00374
00378
00379
00382
00383
00385
00386
00388
00390
00392
00393
00394
00396
00399
00400
00402
00404
00407
00408
00409
00411
00417
00418
00419
00420
00421
00423
00425
00426
00427
00428
00429
00431
00433
00436
00438
00439
00440
00442
00443
00448
00449
00456
00457
00458
00460
00461
00463
00464
00466
00469
00470
00471
00476
00477
00479
00480
00483
00486
00488
00491
00492
00493
00496
00499
00502
00504
00505
00506
00507
00508
00510
00513
00514
00517
00519
00524
00525
00527
00529
00530
00531
00532
00533
00536
00537
00543
00545
00546
00547
00548
00549
00551
00554
00557
00559
00560
00561
00563
00569
00570
00571
00574
00575
00576
00577
00578
00584
00586
00591
00592
00594
00599
00601
00602
00604
00608
00612
00614
00615
00616
00617
00618
00619
00620
00621
00624
00626
00628
00630
00634
00638
00639
00640
00642
00646
00648
00650
00652
00653
00654
00655
00657
00659
00662
00664
00666
00668
00669
00670
00672
00673
00683
00684
00685
00686
00687
00689
00691
00694
00695
00697
00699
00700
00703
00711
00716
00717
00718
00720
00722
00727
00729
00731
00732
00735
00736
00739
00741
00742
00744
00746
00747
00748
00749
00750
00752
00754
00755
00757
00758
00760
00761
00765
00766
00769
00770
00771
00772
00775
00776
00777
00780
00781
00783
00784
00790
00791
00796
00797
00800
00804
00806
00808
00809
00810
00812
00813
00815
00818
00820
00823
00825
00827
00829
00830
00834
00835
00836
00838
00839
00843
00844
00847
00848
00852
00857
00858
00859
00860
00864
00866
00867
00870
00871
00873
00875
00877
00878
00882
00883
00885
00887
00888
00890
00891
00892
00897
00899
00901
00902
00904
00905
00909
00910
00912
00915
00916
00917
00918
00919
00923
00928
00930
00932
00933
00934
00938
00939
00940
00941
00946
00947
00948
00949
00951
00954
00955
00956
00957
00958
00959
00960
00962
00963
00964
00966
00975
00976
00985
00986
00987
00988
00989
00990
00994
00995
00998
00999
01000
01001
01003
01004
01007
01008
01012
01014
01015
01016
01018
01022
01024
01028
01029
01031
01035
01037
01038
01041
01042
01043
01046
01047
01049
01050
01052
01053
01061
01063
01065
01072
01076
01077
01078
01081
01085
01088
01089
01090
01092
01093
01094
01096
01097
01104
01111
01112
01114
01116
01118
01120
01121
01122
01123
01124
01126
01127
01129
01139
01142
01143
01145
01146
01148
01150
01153
01158
01160
01161
01163
01164
01165
01166
01167
01169
01170
01171
01172
01181
01182
01183
01186
01188
01189
01190
01195
01196
01197
01202
01203
01204
01205
01207
01209
01211
01212
01217
01218
01221
01222
01225
01227
01228
01230
01231
01233
01234
01235
01236
01239
01240
01241
01245
01251
01255
01256
01257
01258
01263
01264
01269
01271
01275
01277
01278
01279
01280
01281
01282
01290
01292
01299
01302
01307
01309
01311
01312
01313
01314
01318
01319
01320
01326
01331
01332
01333
01334
01336
01338
01339
01340
01341
01342
01348
01349
01350
01352
01355
01357
01359
01362
01364
01366
01367
01368
01369
01371
01374
01376
01383
01388
01391
01392
01394
01395
01396
01397
01398
01401
01402
01404
01406
01407
01408
01409
01413
01414
01415
01417
01418
01420
01422
01425
01426
01427
01429
01430
01434
01439
01440
01443
01445
01446
01449
01450
01452
01456
01457
01459
01461
01463
01464
01465
01467
01468
01469
01470
01473
01476
01477
01478
01479
01481
01483
01487
01488
01492
01493
01494
01496
01504
01506
01509
01510
01511
01516
01517
01519
01520
01521
01522
01526
01527
01529
01530
01531
01535
01537
01539
01540
01543
01544
01545
01550
01552
01554
01559
01561
01564
01567
01568
01569
01570
01572
01573
01577
01581
01584
01585
01586
01587
01588
01596
01597
01599
01600
01602
01603
01606
01607
01608
01609
01610
01612
01613
01614
01615
01616
01617
01618
01620
01621
01622
01623
01626
01628
01629
01630
01633
01634
01635
01636
01637
01638
01639
01640
01641
01642
01643
01646
01648
01649
01655
01656
01658
01659
01660
01662
01663
01666
01667
01670
01672
01677
01679
01681
01682
01684
01685
01689
01690
01691
01694
01695
01696
01698
01699
01700
01701
01704
01705
01708
01709
01711
01712
01713
01714
01716
01719
01720
01725
01726
01728
01729
01730
01740
01741
01743
01744
01745
01746
01747
01749
01750
01751
01754
01755
01759
01761
01762
01763
01767
01772
01774
01776
01777
01781
01787
01788
01789
01790
01794
01796
01800
01801
01805
01807
01810
01811
01814
01817
01818
01822
01826
01829
01830
01832
01833
01835
01840
01841
01842
01843
01844
01846
01848
01849
01851
01854
01861
01862
01863
01867
01868
01869
01871
01872
01873
01874
01875
01876
01882
01885
01886
01888
01890
01896
01897
01898
01900
01901
01902
01903
01905
01907
01909
01910
01914
01920
01922
01923
01925
01928
01931
01932
01934
01935
01936
01937
01939
01942
01943
01948
01952
01953
01954
01958
01959
01961
01964
01965
01966
01968
01969
01977
01978
01980
01981
01982
01983
01984
01985
01987
01989
01992
01995
01999
02001
02004
02005
02006
02007
02008
02009
02011
02012
02018
02020
02022
02024
02027
02028
02030
02032
02033
02036
02037
02042
02044
02047
02050
02051
02052
02054
02056
02059
02065
02066
02070
02071
02073
02076
02078
02079
02081
02083
02085
02086
02090
02092
02094
02095
02096
02097
02098
02099
02101
02103
02104
02106
02109
02110
02113
02119
02120
02122
02123
02128
02132
02139
02140
02141
02143
02144
02148
02149
02150
02152
02154
02155
02158
02160
02163
02167
02169
02171
02176
02178
02180
02183
02185
02188
02190
02195
02196
02199
02200
02201
02207
02208
02211
02212
02214
02215
02218
02220
02223
02227
02233
02235
02236
02237
02240
02242
02245
02247
02248
02253
02255
02259
02260
02266
02267
02270
02271
02272
02273
02274
02278
02286
02288
02289
02291
02293
02296
02298
02299
02303
02305
02306
02307
02308
02309
02311
02312
02313
02315
02318
02319
02322
02324
02325
02326
02327
02330
02333
02334
02336
02337
02338
02340
02342
02346
02350
02355
02357
02361
02364
02367
02368
02369
02370
02371
02373
02374
02376
02378
02380
02381
02385
02386
02387
02394
02397
02398
02400
02401
02402
02408
02409
02410
02413
02415
02420
02422
02425
02426
02429
02431
02433
02437
02440
02442
02443
02445
02448
02450
02456
02459
02460
02462
02466
02467
02468
02470
02471
02473
02476
02477
02481
02482
02484
02486
02489
02491
02493
02501
02502
02505
02506
02508
02510
02511
02512
02513
02516
02517
02518
02519
02520
02523
02525
02527
02528
02529
02531
02532
02533
02535
02536
02537
02538
02539
02542
02543
02549
02551
02552
02553
02554
02555
02557
02561
02562
02565
02566
02572
02574
02575
02576
02577
02579
02580
02582
02584
02585
02586
02589
02595
02596
02598
02599
02603
02604
02605
02608
02610
02611
02614
02615
02616
02617
02618
02619
02620
02621
02629
02636
02637
02638
02643
02644
02646
02648
02650
02652
02656
02657
02660
02662
02664
02669
02672
02674
02677
02679
02680
02686
02687
02689
02691
02692
02694
02699
02703
02705
02707
02709
02710
02712
02713
02716
02719
02723
02727
02728
02731
02734
02739
02742
02746
02747
02748
02750
02752
02754
02755
02756
02757
02758
02761
02765
02767
02774
02777
02779
02781
02783
02784
02785
02787
02790
02792
02798
02799
02800
02806
02809
02810
02811
02812
02815
02817
02822
02826
02827
02836
02837
02839
02840
02841
02844
02847
02848
02849
02851
02852
02857
02862
02863
02864
02866
02868
02871
02876
02878
02880
02881
02883
02886
02887
02891
02894
02896
02898
02899
02900
02904
02905
02906
02910
02915
02916
02920
02925
02928
02929
02933
02934
02935
02937
02939
02940
02941
02943
02944
02946
02950
02953
02954
02956
02958
02959
02960
02962
02964
02966
02968
02969
02970
02972
02973
02975
02976
02978
02979
02980
02982
02983
02984
02985
02986
02987
02993
02994
02995
02996
03004
03005
03007
03009
03010
03011
03012
03013
03019
03021
03022
03023
03029
03033
03034
03036
03038
03039
03052
03054
03055
03056
03057
03059
03060
03065
03068
03074
03078
03081
03082
03083
03084
03086
03088
03090
03091
03092
03096
03097
03098
03100
03101
03102
03108
03109
03110
03111
03114
03116
03122
03123
03125
03126
03127
03128
03129
03130
03132
03134
03136
03137
03138
03141
03143
03144
03146
03147
03149
03150
03153
03156
03160
03161
03162
03168
03169
03170
03172
03177
03179
03180
03182
03187
03190
03191
03193
03195
03196
03197
03201
03203
03205
03206
03207
03210
03211
03214
03216
03221
03222
03223
03224
03229
03231
03232
03233
03240
03244
03247
03249
03252
03253
03254
03256
03257
03259
03261
03263
03264
03265
03266
03268
03269
03270
03271
03280
03281
03282
03283
03286
03291
03292
03295
03296
03297
03298
03299
03300
03305
03306
03307
03308
03312
03315
03316
03318
03320
03324
03327
03329
03330
03332
03333
03334
03335
03336
03337
03338
03346
03348
03352
03355
03356
03360
03361
03362
03365
03366
03367
03368
03371
03373
03374
03376
03377
03379
03381
03383
03385
03388
03390
03394
03399
03401
03404
03405
03408
03409
03410
03414
03422
03423
03428
03429
03433
03434
03436
03438
03439
03445
03446
03451
03454
03458
03460
03461
03462
03464
03466
03471
03472
03475
03484
03485
03487
03491
03492
03495
03496
03497
03500
03501
03507
03508
03509
03511
03513
03515
03516
03517
03518
03519
03520
03521
03522
03524
03525
03527
03529
03530
03532
03543
03546
03547
03549
03550
03552
03565
03566
03568
03570
03573
03574
03578
03579
03580
03583
03584
03586
03587
03590
03592
03594
03595
03598
03600
03601
03603
03604
03606
03607
03608
03611
03612
03613
03615
03617
03618
03621
03622
03623
03626
03628
03631
03634
03636
03637
03638
03639
03640
03644
03645
03646
03650
03651
03654
03655
03656
03657
03658
03661
03662
03665
03666
03668
03670
03672
03673
03674
03676
03678
03679
03683
03684
03685
03686
03688
03689
03690
03693
03694
03701
03705
03706
03707
03709
03712
03713
03716
03718
03719
03721
03722
03723
03725
03732
03733
03736
03740
03742
03743
03747
03748
03753
03755
03757
03760
03762
03763
03764
03765
03766
03768
03769
03770
03775
03781
03786
03788
03795
03797
03798
03799
03802
03803
03807
03809
03812
03813
