4 0.7924890350877193 0.8059210526315789 0.012609649122807017 0.0268640350877193
4 0.37856359649122806 0.2675438596491228 0.014071637426900584 0.02576754385964912
7 0.39226973684210525 0.9544956140350876 0.08644005847953216 0.09046052631578946
12 0.4140168128654971 0.46600877192982454 0.11933479532163742 0.24561403508771928
16 0.36504020467836257 0.9454495614035087 0.06487573099415204 0.1074561403508772
4 0.7924890350877193 0.8059210526315789 0.012609649122807017 0.0268640350877193
4 0.37856359649122806 0.2675438596491228 0.014071637426900584 0.02576754385964912
7 0.39226973684210525 0.9544956140350876 0.08644005847953216 0.09046052631578946
12 0.4140168128654971 0.46600877192982454 0.11933479532163742 0.24561403508771928
16 0.36504020467836257 0.9454495614035087 0.06487573099415204 0.1074561403508772
