10 0.3632127192982456 0.7579495614035088 0.07437865497076022 0.11293859649122806
12 0.743329678362573 0.6513157894736842 0.17744883040935672 0.15789473684210525
12 0.7398574561403508 0.7960526315789473 0.12554824561403508 0.1387061403508772
12 0.45349049707602335 0.27398574561403505 0.16319444444444445 0.16913377192982454
12 0.8332419590643274 0.5696271929824561 0.14418859649122806 0.14364035087719298
10 0.3632127192982456 0.7579495614035088 0.07437865497076022 0.11293859649122806
12 0.743329678362573 0.6513157894736842 0.17744883040935672 0.15789473684210525
12 0.7398574561403508 0.7960526315789473 0.12554824561403508 0.1387061403508772
12 0.45349049707602335 0.27398574561403505 0.16319444444444445 0.16913377192982454
12 0.8332419590643274 0.5696271929824561 0.14418859649122806 0.14364035087719298
