2 0.7422331871345029 0.7654879385964912 0.07035818713450293 0.10827850877192982
7 0.739766081871345 0.038788377192982455 0.14546783625730994 0.078125
12 0.41136695906432746 0.35649671052631576 0.16374269005847952 0.21463815789473684
16 0.6193347953216374 0.23067434210526314 0.05847953216374269 0.1537828947368421
24 0.5415752923976608 0.2890625 0.12006578947368421 0.1680372807017544
2 0.7422331871345029 0.7654879385964912 0.07035818713450293 0.10827850877192982
7 0.739766081871345 0.038788377192982455 0.14546783625730994 0.078125
12 0.41136695906432746 0.35649671052631576 0.16374269005847952 0.21463815789473684
16 0.6193347953216374 0.23067434210526314 0.05847953216374269 0.1537828947368421
24 0.5415752923976608 0.2890625 0.12006578947368421 0.1680372807017544
