12 0.3807565789473684 0.8718475877192982 0.23921783625730994 0.22779605263157893
12 0.24287280701754385 0.2269736842105263 0.17105263157894735 0.23958333333333331
12 0.4149305555555555 0.5028782894736842 0.16282894736842105 0.24369517543859648
12 0.7239583333333333 0.03207236842105263 0.15369152046783624 0.06414473684210525
12 0.6538742690058479 0.5134320175438596 0.15387426900584794 0.23848684210526314
12 0.40369152046783624 0.34594298245614036 0.15058479532163743 0.22916666666666666
12 0.3807565789473684 0.8718475877192982 0.23921783625730994 0.22779605263157893
12 0.24287280701754385 0.2269736842105263 0.17105263157894735 0.23958333333333331
12 0.4149305555555555 0.5028782894736842 0.16282894736842105 0.24369517543859648
12 0.7239583333333333 0.03207236842105263 0.15369152046783624 0.06414473684210525
12 0.6538742690058479 0.5134320175438596 0.15387426900584794 0.23848684210526314
12 0.40369152046783624 0.34594298245614036 0.15058479532163743 0.22916666666666666
