7 0.6489400584795322 0.6652960526315789 0.17141812865497075 0.20668859649122806
11 0.46427266081871343 0.9533991228070174 0.09594298245614034 0.09046052631578946
12 0.3511513157894737 0.8963815789473684 0.10142543859649122 0.20285087719298245
12 0.8771016081871345 0.9185855263157894 0.14309210526315788 0.16228070175438597
12 0.6907894736842105 0.8692434210526315 0.13011695906432746 0.1694078947368421
12 0.7002923976608186 0.17118969298245612 0.1769005847953216 0.15926535087719298
16 0.4840095029239766 0.6439144736842105 0.12152777777777778 0.13157894736842105
7 0.6489400584795322 0.6652960526315789 0.17141812865497075 0.20668859649122806
11 0.46427266081871343 0.9533991228070174 0.09594298245614034 0.09046052631578946
12 0.3511513157894737 0.8963815789473684 0.10142543859649122 0.20285087719298245
12 0.8771016081871345 0.9185855263157894 0.14309210526315788 0.16228070175438597
12 0.6907894736842105 0.8692434210526315 0.13011695906432746 0.1694078947368421
12 0.7002923976608186 0.17118969298245612 0.1769005847953216 0.15926535087719298
16 0.4840095029239766 0.6439144736842105 0.12152777777777778 0.13157894736842105
