11 0.22688230994152045 0.04810855263157895 0.10581140350877193 0.09347587719298245
11 0.3512426900584795 0.23560855263157893 0.09904970760233918 0.0868969298245614
16 0.4453581871345029 0.07743969298245613 0.12353801169590642 0.08086622807017543
16 0.7955043859649122 0.9495614035087718 0.1421783625730994 0.09100877192982455
16 0.6951754385964912 0.11293859649122806 0.12792397660818713 0.14857456140350878
11 0.22688230994152045 0.04810855263157895 0.10581140350877193 0.09347587719298245
11 0.3512426900584795 0.23560855263157893 0.09904970760233918 0.0868969298245614
16 0.4453581871345029 0.07743969298245613 0.12353801169590642 0.08086622807017543
16 0.7955043859649122 0.9495614035087718 0.1421783625730994 0.09100877192982455
16 0.6951754385964912 0.11293859649122806 0.12792397660818713 0.14857456140350878
