1 0.5554641812865497 0.5949835526315789 0.06560672514619882 0.1263706140350877
12 0.6733369883040935 0.4251644736842105 0.09740497076023391 0.2132675438596491
12 0.7789656432748537 0.6655701754385964 0.1299342105263158 0.17763157894736842
12 0.5501644736842105 0.8656798245614035 0.17233187134502922 0.21984649122807015
12 0.4337536549707602 0.6769462719298245 0.22569444444444442 0.20148026315789472
12 0.7566703216374269 0.5396107456140351 0.1339546783625731 0.21408991228070173
12 0.7420504385964912 0.9124177631578947 0.1160453216374269 0.1669407894736842
12 0.8451206140350876 0.10183662280701754 0.11823830409356724 0.19654605263157893
1 0.5554641812865497 0.5949835526315789 0.06560672514619882 0.1263706140350877
12 0.6733369883040935 0.4251644736842105 0.09740497076023391 0.2132675438596491
12 0.7789656432748537 0.6655701754385964 0.1299342105263158 0.17763157894736842
12 0.5501644736842105 0.8656798245614035 0.17233187134502922 0.21984649122807015
12 0.4337536549707602 0.6769462719298245 0.22569444444444442 0.20148026315789472
12 0.7566703216374269 0.5396107456140351 0.1339546783625731 0.21408991228070173
12 0.7420504385964912 0.9124177631578947 0.1160453216374269 0.1669407894736842
12 0.8451206140350876 0.10183662280701754 0.11823830409356724 0.19654605263157893
