2 0.539656432748538 0.45559210526315785 0.10782163742690058 0.06578947368421052
10 0.4311951754385965 0.6939418859649122 0.0762061403508772 0.12801535087719298
16 0.7459795321637427 0.5848410087719298 0.052997076023391806 0.11979166666666666
16 0.35718201754385964 0.9088541666666666 0.12737573099415203 0.09073464912280702
17 0.6008771929824561 0.3053728070175438 0.10526315789473684 0.12554824561403508
2 0.539656432748538 0.45559210526315785 0.10782163742690058 0.06578947368421052
10 0.4311951754385965 0.6939418859649122 0.0762061403508772 0.12801535087719298
16 0.7459795321637427 0.5848410087719298 0.052997076023391806 0.11979166666666666
16 0.35718201754385964 0.9088541666666666 0.12737573099415203 0.09073464912280702
17 0.6008771929824561 0.3053728070175438 0.10526315789473684 0.12554824561403508
