2 0.47231359649122806 0.011513157894736841 0.05573830409356725 0.023026315789473683
2 0.5337171052631579 0.052220394736842105 0.09996345029239766 0.09841008771929824
2 0.36101973684210525 0.059621710526315784 0.07255116959064327 0.11211622807017543
12 0.714546783625731 0.8515625 0.17945906432748537 0.22286184210526314
14 0.22624269005847952 0.37225877192982454 0.05665204678362573 0.0893640350877193
2 0.47231359649122806 0.011513157894736841 0.05573830409356725 0.023026315789473683
2 0.5337171052631579 0.052220394736842105 0.09996345029239766 0.09841008771929824
2 0.36101973684210525 0.059621710526315784 0.07255116959064327 0.11211622807017543
12 0.714546783625731 0.8515625 0.17945906432748537 0.22286184210526314
14 0.22624269005847952 0.37225877192982454 0.05665204678362573 0.0893640350877193
