4 0.1762609649122807 0.5272752192982456 0.0177266081871345 0.02713815789473684
11 0.4416118421052631 0.7594572368421052 0.06926169590643275 0.11321271929824561
16 0.6338633040935672 0.30331688596491224 0.06853070175438596 0.11211622807017543
16 0.6421783625730993 0.13390899122807018 0.10818713450292397 0.1806469298245614
16 0.6316703216374269 0.11828399122807016 0.07255116959064327 0.1181469298245614
16 0.5545504385964912 0.697094298245614 0.1339546783625731 0.1507675438596491
16 0.7436951754385964 0.020285087719298246 0.07437865497076022 0.04057017543859649
4 0.1762609649122807 0.5272752192982456 0.0177266081871345 0.02713815789473684
11 0.4416118421052631 0.7594572368421052 0.06926169590643275 0.11321271929824561
16 0.6338633040935672 0.30331688596491224 0.06853070175438596 0.11211622807017543
16 0.6421783625730993 0.13390899122807018 0.10818713450292397 0.1806469298245614
16 0.6316703216374269 0.11828399122807016 0.07255116959064327 0.1181469298245614
16 0.5545504385964912 0.697094298245614 0.1339546783625731 0.1507675438596491
16 0.7436951754385964 0.020285087719298246 0.07437865497076022 0.04057017543859649
