1 0.5625 0.07332785087719298 0.06323099415204678 0.14281798245614033
4 0.17945906432748537 0.47039473684210525 0.017543859649122806 0.038377192982456135
5 0.18210891812865496 0.13144188596491227 0.011513157894736841 0.03481359649122807
5 0.5190058479532164 0.27576754385964913 0.019371345029239765 0.03125
13 0.26653874269005845 0.5245339912280701 0.1025219298245614 0.17406798245614033
1 0.5625 0.07332785087719298 0.06323099415204678 0.14281798245614033
4 0.17945906432748537 0.47039473684210525 0.017543859649122806 0.038377192982456135
5 0.18210891812865496 0.13144188596491227 0.011513157894736841 0.03481359649122807
5 0.5190058479532164 0.27576754385964913 0.019371345029239765 0.03125
13 0.26653874269005845 0.5245339912280701 0.1025219298245614 0.17406798245614033
