2 0.45020102339181284 0.1069078947368421 0.07510964912280702 0.11842105263157894
4 0.5267726608187134 0.5464638157894737 0.010782163742690058 0.033717105263157895
4 0.6710526315789473 0.8752741228070174 0.019005847953216373 0.024671052631578948
5 0.4992690058479532 0.7532894736842105 0.019005847953216373 0.015350877192982455
12 0.6506761695906432 0.5280975877192983 0.10179093567251461 0.1351425438596491
12 0.2966922514619883 0.9601151315789473 0.1467470760233918 0.07922149122807016
13 0.7298062865497076 0.8012609649122806 0.12810672514619884 0.15625
16 0.5466008771929824 0.6276041666666666 0.13779239766081872 0.10389254385964912
16 0.5370065789473684 0.3293585526315789 0.12701023391812866 0.15487938596491227
24 0.5748355263157895 0.07743969298245613 0.09046052631578946 0.09512061403508772
2 0.45020102339181284 0.1069078947368421 0.07510964912280702 0.11842105263157894
4 0.5267726608187134 0.5464638157894737 0.010782163742690058 0.033717105263157895
4 0.6710526315789473 0.8752741228070174 0.019005847953216373 0.024671052631578948
5 0.4992690058479532 0.7532894736842105 0.019005847953216373 0.015350877192982455
12 0.6506761695906432 0.5280975877192983 0.10179093567251461 0.1351425438596491
12 0.2966922514619883 0.9601151315789473 0.1467470760233918 0.07922149122807016
13 0.7298062865497076 0.8012609649122806 0.12810672514619884 0.15625
16 0.5466008771929824 0.6276041666666666 0.13779239766081872 0.10389254385964912
16 0.5370065789473684 0.3293585526315789 0.12701023391812866 0.15487938596491227
24 0.5748355263157895 0.07743969298245613 0.09046052631578946 0.09512061403508772
