8 0.7272478070175438 0.2663103070175438 0.10361842105263157 0.11650219298245613
12 0.7987024853801169 0.5568804824561403 0.15880847953216373 0.19599780701754385
12 0.2949561403508772 0.08484100877192982 0.14839181286549707 0.16913377192982454
12 0.3569078947368421 0.5084978070175439 0.11220760233918128 0.19298245614035087
16 0.8147843567251462 0.9270833333333333 0.07328216374269006 0.14528508771929824
8 0.7272478070175438 0.2663103070175438 0.10361842105263157 0.11650219298245613
12 0.7987024853801169 0.5568804824561403 0.15880847953216373 0.19599780701754385
12 0.2949561403508772 0.08484100877192982 0.14839181286549707 0.16913377192982454
12 0.3569078947368421 0.5084978070175439 0.11220760233918128 0.19298245614035087
16 0.8147843567251462 0.9270833333333333 0.07328216374269006 0.14528508771929824
