2 0.7139985380116959 0.3314144736842105 0.06578947368421052 0.12225877192982455
4 0.3829495614035088 0.23999451754385964 0.018092105263157895 0.02933114035087719
4 0.4213267543859649 0.18777412280701752 0.010782163742690058 0.03399122807017543
12 0.6938961988304093 0.6576206140350876 0.11330409356725146 0.1907894736842105
13 0.7293494152046783 0.8692434210526315 0.10891812865497075 0.17653508771929824
16 0.46034356725146197 0.9777960526315789 0.09429824561403508 0.043859649122807015
2 0.7139985380116959 0.3314144736842105 0.06578947368421052 0.12225877192982455
4 0.3829495614035088 0.23999451754385964 0.018092105263157895 0.02933114035087719
4 0.4213267543859649 0.18777412280701752 0.010782163742690058 0.03399122807017543
12 0.6938961988304093 0.6576206140350876 0.11330409356725146 0.1907894736842105
13 0.7293494152046783 0.8692434210526315 0.10891812865497075 0.17653508771929824
16 0.46034356725146197 0.9777960526315789 0.09429824561403508 0.043859649122807015
