3 0.46673976608187134 0.6321271929824561 0.06030701754385964 0.09046052631578946
3 0.30729166666666663 0.5746984649122807 0.052448830409356724 0.08415570175438596
12 0.6521381578947368 0.3079769736842105 0.09996345029239766 0.1713267543859649
12 0.7969663742690059 0.8638980263157894 0.13048245614035087 0.2590460526315789
17 0.6465643274853801 0.8263432017543859 0.11988304093567251 0.12198464912280702
3 0.46673976608187134 0.6321271929824561 0.06030701754385964 0.09046052631578946
3 0.30729166666666663 0.5746984649122807 0.052448830409356724 0.08415570175438596
12 0.6521381578947368 0.3079769736842105 0.09996345029239766 0.1713267543859649
12 0.7969663742690059 0.8638980263157894 0.13048245614035087 0.2590460526315789
17 0.6465643274853801 0.8263432017543859 0.11988304093567251 0.12198464912280702
