12 0.34429824561403505 0.40391995614035087 0.1388888888888889 0.21354166666666666
12 0.6155884502923976 0.815515350877193 0.15332602339181287 0.14364035087719298
12 0.513797514619883 0.6403508771929824 0.14418859649122806 0.22478070175438594
12 0.850968567251462 0.8728070175438596 0.16173245614035087 0.22478070175438594
12 0.6688596491228069 0.5555098684210527 0.13450292397660818 0.22669956140350875
12 0.4456323099415204 0.9188596491228069 0.15003654970760233 0.14802631578947367
12 0.8219115497076023 0.30509868421052627 0.0802266081871345 0.22807017543859648
12 0.4817251461988304 0.38788377192982454 0.141812865497076 0.15844298245614033
12 0.6083698830409356 0.24958881578947367 0.1593567251461988 0.24917763157894735
12 0.34429824561403505 0.40391995614035087 0.1388888888888889 0.21354166666666666
12 0.6155884502923976 0.815515350877193 0.15332602339181287 0.14364035087719298
12 0.513797514619883 0.6403508771929824 0.14418859649122806 0.22478070175438594
12 0.850968567251462 0.8728070175438596 0.16173245614035087 0.22478070175438594
12 0.6688596491228069 0.5555098684210527 0.13450292397660818 0.22669956140350875
12 0.4456323099415204 0.9188596491228069 0.15003654970760233 0.14802631578947367
12 0.8219115497076023 0.30509868421052627 0.0802266081871345 0.22807017543859648
12 0.4817251461988304 0.38788377192982454 0.141812865497076 0.15844298245614033
12 0.6083698830409356 0.24958881578947367 0.1593567251461988 0.24917763157894735
