12 0.38925438596491224 0.20093201754385964 0.1684941520467836 0.20394736842105263
12 0.5175438596491228 0.588952850877193 0.14875730994152045 0.1444627192982456
12 0.7245979532163742 0.6677631578947368 0.1469298245614035 0.21655701754385964
12 0.29797149122807015 0.9762883771929824 0.18110380116959063 0.04577850877192982
12 0.3790204678362573 0.5634594298245613 0.09831871345029239 0.15487938596491227
12 0.49360380116959063 0.45627741228070173 0.10709064327485379 0.14994517543859648
12 0.4878472222222222 0.8212719298245613 0.11750730994152046 0.2269736842105263
12 0.7431469298245613 0.9018640350877193 0.20668859649122806 0.1918859649122807
12 0.40158991228070173 0.9095394736842105 0.12262426900584794 0.18037280701754385
12 0.28252923976608185 0.7486293859649122 0.13011695906432746 0.20723684210526314
12 0.2729349415204678 0.4878015350877193 0.12262426900584794 0.21463815789473684
12 0.38925438596491224 0.20093201754385964 0.1684941520467836 0.20394736842105263
12 0.5175438596491228 0.588952850877193 0.14875730994152045 0.1444627192982456
12 0.7245979532163742 0.6677631578947368 0.1469298245614035 0.21655701754385964
12 0.29797149122807015 0.9762883771929824 0.18110380116959063 0.04577850877192982
12 0.3790204678362573 0.5634594298245613 0.09831871345029239 0.15487938596491227
12 0.49360380116959063 0.45627741228070173 0.10709064327485379 0.14994517543859648
12 0.4878472222222222 0.8212719298245613 0.11750730994152046 0.2269736842105263
12 0.7431469298245613 0.9018640350877193 0.20668859649122806 0.1918859649122807
12 0.40158991228070173 0.9095394736842105 0.12262426900584794 0.18037280701754385
12 0.28252923976608185 0.7486293859649122 0.13011695906432746 0.20723684210526314
12 0.2729349415204678 0.4878015350877193 0.12262426900584794 0.21463815789473684
