12 0.7577668128654971 0.8251096491228069 0.17123538011695905 0.21765350877192982
12 0.33442982456140347 0.8241502192982456 0.18567251461988304 0.18174342105263158
12 0.5997807017543859 0.03495065789473684 0.1600877192982456 0.06606359649122806
12 0.3534356725146199 0.39309210526315785 0.14802631578947367 0.23739035087719296
12 0.38167032163742687 0.22807017543859648 0.1387061403508772 0.11074561403508772
16 0.6022478070175439 0.8179824561403508 0.1069078947368421 0.12609649122807018
12 0.7577668128654971 0.8251096491228069 0.17123538011695905 0.21765350877192982
12 0.33442982456140347 0.8241502192982456 0.18567251461988304 0.18174342105263158
12 0.5997807017543859 0.03495065789473684 0.1600877192982456 0.06606359649122806
12 0.3534356725146199 0.39309210526315785 0.14802631578947367 0.23739035087719296
12 0.38167032163742687 0.22807017543859648 0.1387061403508772 0.11074561403508772
16 0.6022478070175439 0.8179824561403508 0.1069078947368421 0.12609649122807018
