4 0.5454130116959064 0.8162006578947368 0.023940058479532164 0.01726973684210526
4 0.22834429824561403 0.6027960526315789 0.028326023391812866 0.015350877192982455
4 0.8849597953216374 0.7835800438596491 0.014802631578947368 0.026041666666666664
4 0.4639985380116959 0.3447094298245614 0.019005847953216373 0.01726973684210526
5 0.5550986842105263 0.9376370614035087 0.016264619883040933 0.02768640350877193
5 0.1957236842105263 0.9461348684210525 0.012792397660818713 0.033168859649122806
5 0.2820723684210526 0.8610197368421052 0.020285087719298246 0.02357456140350877
5 0.37682748538011696 0.9032346491228069 0.014985380116959063 0.03015350877192982
16 0.5212902046783625 0.13336074561403508 0.06926169590643275 0.1351425438596491
22 0.34603435672514615 0.9154331140350876 0.04258040935672514 0.07209429824561403
22 0.5747441520467836 0.6038925438596491 0.06286549707602339 0.14089912280701752
4 0.5454130116959064 0.8162006578947368 0.023940058479532164 0.01726973684210526
4 0.22834429824561403 0.6027960526315789 0.028326023391812866 0.015350877192982455
4 0.8849597953216374 0.7835800438596491 0.014802631578947368 0.026041666666666664
4 0.4639985380116959 0.3447094298245614 0.019005847953216373 0.01726973684210526
5 0.5550986842105263 0.9376370614035087 0.016264619883040933 0.02768640350877193
5 0.1957236842105263 0.9461348684210525 0.012792397660818713 0.033168859649122806
5 0.2820723684210526 0.8610197368421052 0.020285087719298246 0.02357456140350877
5 0.37682748538011696 0.9032346491228069 0.014985380116959063 0.03015350877192982
16 0.5212902046783625 0.13336074561403508 0.06926169590643275 0.1351425438596491
22 0.34603435672514615 0.9154331140350876 0.04258040935672514 0.07209429824561403
22 0.5747441520467836 0.6038925438596491 0.06286549707602339 0.14089912280701752
