4 0.5825109649122807 0.48697916666666663 0.01991959064327485 0.018366228070175437
5 0.3199013157894737 0.5738760964912281 0.01991959064327485 0.01507675438596491
5 0.5554641812865497 0.939281798245614 0.01114766081871345 0.030975877192982455
5 0.788468567251462 0.810032894736842 0.0133406432748538 0.03453947368421052
5 0.5736476608187134 0.01000548245614035 0.010964912280701754 0.020559210526315787
4 0.5825109649122807 0.48697916666666663 0.01991959064327485 0.018366228070175437
5 0.3199013157894737 0.5738760964912281 0.01991959064327485 0.01507675438596491
5 0.5554641812865497 0.939281798245614 0.01114766081871345 0.030975877192982455
5 0.788468567251462 0.810032894736842 0.0133406432748538 0.03453947368421052
5 0.5736476608187134 0.01000548245614035 0.010964912280701754 0.020559210526315787
