1 0.5591191520467836 0.9732730263157894 0.05537280701754386 0.05235745614035087
2 0.8628472222222222 0.6062225877192983 0.05171783625730994 0.08470394736842105
4 0.4956140350877193 0.6435032894736842 0.012792397660818713 0.033168859649122806
5 0.6995614035087719 0.15899122807017543 0.013888888888888888 0.024671052631578948
5 0.6479349415204678 0.8733552631578947 0.022478070175438597 0.02357456140350877
1 0.5591191520467836 0.9732730263157894 0.05537280701754386 0.05235745614035087
2 0.8628472222222222 0.6062225877192983 0.05171783625730994 0.08470394736842105
4 0.4956140350877193 0.6435032894736842 0.012792397660818713 0.033168859649122806
5 0.6995614035087719 0.15899122807017543 0.013888888888888888 0.024671052631578948
5 0.6479349415204678 0.8733552631578947 0.022478070175438597 0.02357456140350877
