4 0.2254203216374269 0.5391995614035088 0.020285087719298246 0.022478070175438597
11 0.6329495614035088 0.41721491228070173 0.06268274853801169 0.05866228070175438
13 0.7596856725146198 0.27713815789473684 0.10051169590643275 0.14364035087719298
16 0.48912646198830406 0.6604989035087719 0.07839912280701754 0.11047149122807016
16 0.21198830409356723 0.5863486842105263 0.05153508771929824 0.08717105263157894
4 0.2254203216374269 0.5391995614035088 0.020285087719298246 0.022478070175438597
11 0.6329495614035088 0.41721491228070173 0.06268274853801169 0.05866228070175438
13 0.7596856725146198 0.27713815789473684 0.10051169590643275 0.14364035087719298
16 0.48912646198830406 0.6604989035087719 0.07839912280701754 0.11047149122807016
16 0.21198830409356723 0.5863486842105263 0.05153508771929824 0.08717105263157894
