12 0.4651864035087719 0.8214089912280701 0.13176169590643275 0.22231359649122806
12 0.5509868421052632 0.3026315789473684 0.1823830409356725 0.25548245614035087
12 0.2690972222222222 0.5220668859649122 0.09996345029239766 0.21737938596491227
12 0.5407529239766081 0.3887061403508772 0.1692251461988304 0.13760964912280702
12 0.47916666666666663 0.5485197368421052 0.16154970760233917 0.16611842105263158
12 0.4651864035087719 0.8214089912280701 0.13176169590643275 0.22231359649122806
12 0.5509868421052632 0.3026315789473684 0.1823830409356725 0.25548245614035087
12 0.2690972222222222 0.5220668859649122 0.09996345029239766 0.21737938596491227
12 0.5407529239766081 0.3887061403508772 0.1692251461988304 0.13760964912280702
12 0.47916666666666663 0.5485197368421052 0.16154970760233917 0.16611842105263158
