2 0.4933296783625731 0.8908991228070174 0.10325292397660818 0.13925438596491227
2 0.8193530701754386 0.6604989035087719 0.09046052631578946 0.13294956140350878
9 0.3220029239766082 0.9858826754385964 0.07492690058479531 0.02768640350877193
9 0.271016081871345 0.9872532894736842 0.08223684210526315 0.02494517543859649
14 0.572094298245614 0.24342105263157893 0.0805921052631579 0.11348684210526315
16 0.23729897660818713 0.3555372807017544 0.043311403508771926 0.12664473684210525
2 0.4933296783625731 0.8908991228070174 0.10325292397660818 0.13925438596491227
2 0.8193530701754386 0.6604989035087719 0.09046052631578946 0.13294956140350878
9 0.3220029239766082 0.9858826754385964 0.07492690058479531 0.02768640350877193
9 0.271016081871345 0.9872532894736842 0.08223684210526315 0.02494517543859649
14 0.572094298245614 0.24342105263157893 0.0805921052631579 0.11348684210526315
16 0.23729897660818713 0.3555372807017544 0.043311403508771926 0.12664473684210525
